Mar
retailer2,9,9,6,16,0,2,29,19,0,17,15,9,13,26,
catering11,18,11,7,32,10,15,24,69,0,44,12,11,12,34,
manufacturer4,1,3,0,4,0,1,17,4,0,5,11,2,0,4,
wholesaler1,0,1,0,5,1,0,3,2,0,2,1,1,2,4,
farmer0,0,0,0,0,0,0,2,2,0,1,0,1,0,0,
unknown93,607,99,77,158,49,74,101,248,0,93,45,118,81,125,
Apr
retailer2,4,8,1,4,0,1,11,4,0,5,4,3,4,14,
catering4,7,4,4,13,2,7,6,23,0,11,4,4,5,11,
manufacturer2,0,1,0,1,0,1,4,2,0,1,2,1,0,1,
wholesaler0,0,1,0,1,1,0,3,1,0,1,0,0,0,1,
farmer0,0,0,0,0,0,0,1,1,0,0,0,1,0,0,
unknown27,205,36,20,55,24,26,30,68,0,23,15,35,25,26,
May
retailer3,2,5,2,2,0,1,10,2,0,5,5,4,2,11,
catering2,3,2,2,10,1,5,9,18,0,9,6,1,3,11,
manufacturer0,0,0,0,1,0,1,2,1,0,1,1,1,0,0,
wholesaler0,0,1,0,0,0,0,1,1,0,0,0,0,0,1,
farmer0,0,0,0,0,0,0,1,1,0,0,0,0,0,0,
unknown34,142,33,17,64,14,21,29,60,0,23,7,26,18,22,
Jun
retailer7,15,9,6,23,1,5,31,22,0,22,20,13,11,27,
catering12,20,18,9,37,8,20,31,88,0,47,12,13,12,53,
manufacturer6,2,5,0,6,0,1,26,6,0,6,13,4,0,4,
wholesaler1,0,2,0,10,2,0,5,1,0,2,1,0,2,3,
farmer2,0,0,0,0,0,0,3,1,0,1,1,1,0,0,
unknown137,725,131,84,297,54,85,167,356,0,126,68,155,101,150,
Jul
retailer5,13,9,5,18,0,1,27,18,0,19,19,10,11,23,
catering8,17,12,9,35,10,11,24,65,0,43,10,9,8,40,
manufacturer6,1,4,0,4,0,1,15,6,0,5,11,2,0,3,
wholesaler1,0,2,0,6,1,0,2,3,0,2,1,1,2,4,
farmer1,0,0,0,0,0,0,2,1,0,1,1,1,0,0,
unknown118,585,111,66,218,43,70,142,271,0,97,70,112,84,112,
Aug
retailer4,14,7,5,16,0,2,28,18,0,19,12,8,9,24,
catering10,19,8,7,24,9,8,19,49,0,33,7,13,7,27,
manufacturer3,1,3,0,1,0,1,10,5,0,3,7,3,0,3,
wholesaler1,0,1,0,6,2,0,4,1,0,1,0,2,1,3,
farmer0,0,0,0,0,0,0,2,1,0,1,1,0,0,0,
unknown81,345,82,57,168,32,49,99,227,0,70,56,86,60,79,
